70
17
-0.012070 0.018369 1732 2 1 -1 0.735411
-0.020448 0.020448 917 4 3 0 -18.5306
0.019593 0.004490 1405 6 5 0 3.52677
0.018532 0.004014 1499 8 7 1 -0.199788
0.000000 0.000000 917 -1 -1 1 1e+32
-0.016145 0.019267 1904 10 9 2 77.9283
0.000000 0.024084 1405 -1 -1 2 1e+32
0.000000 0.004014 1499 -1 -1 3 1e+32
-0.012042 0.024084 1913 12 11 3 5.98917
0.000000 0.019267 1904 -1 -1 5 1e+32
-0.012225 0.013762 347 14 13 5 -0.0639436
0.000000 0.024084 1913 -1 -1 8 1e+32
0.000000 0.012042 1913 -1 -1 8 1e+32
0.000000 0.013762 347 -1 -1 10 1e+32
0.010322 0.000000 1086 16 15 10 0.913528
0.000000 0.000000 1086 -1 -1 14 1e+32
0.000000 0.010322 1086 -1 -1 14 1e+32
19
-0.014381 0.021840 937 2 1 -1 0.474575
0.015608 0.012598 90 4 3 0 -13.3568
0.023927 0.003969 1631 6 5 0 2.07201
-0.025765 0.032546 1544 8 7 1 1.24761
-0.024409 0.030918 1971 10 9 1 0.892335
-0.018081 0.018081 1429 12 11 2 -1.37367
0.000000 0.027896 1631 -1 -1 2 1e+32
0.000000 0.032546 1544 -1 -1 3 1e+32
0.024323 0.001713 83 14 13 3 53.5175
-0.013018 0.032546 332 16 15 4 0.710336
0.000000 0.006509 1971 -1 -1 4 1e+32
0.000000 0.018081 1429 -1 -1 5 1e+32
0.000000 0.000000 1429 -1 -1 5 1e+32
-0.006509 0.006509 3 18 17 8 43.0825
0.000000 0.026036 83 -1 -1 8 1e+32
0.000000 0.032546 332 -1 -1 9 1e+32
0.000000 0.019527 332 -1 -1 9 1e+32
0.000000 0.006509 3 -1 -1 13 1e+32
0.000000 0.000000 3 -1 -1 13 1e+32
21
-0.014559 0.023612 980 2 1 -1 -31.0145
-0.020347 0.027397 1894 4 3 0 423.368
-0.013383 0.019297 1642 6 5 0 0.305003
0.005641 0.022563 4 8 7 1 -117.092
0.000000 0.007051 1894 -1 -1 1 1e+32
0.026189 0.000000 952 10 9 2 14.0091
0.017496 0.003656 457 12 11 2 1.30783
0.000000 0.022563 4 -1 -1 3 1e+32
0.000000 0.028203 4 -1 -1 3 1e+32
0.000000 0.000000 952 -1 -1 5 1e+32
0.005641 0.022563 0 14 13 5 31.9847
-0.018945 0.020145 282 16 15 6 5.25487e-44
0.000000 0.021152 457 -1 -1 6 1e+32
0.000000 0.022563 0 -1 -1 10 1e+32
0.000000 0.028203 0 -1 -1 10 1e+32
0.000000 0.020145 282 -1 -1 11 1e+32
-0.001880 0.001880 12 18 17 11 -1.31785
-0.005641 0.005641 4 20 19 16 -51.5646
0.000000 0.000000 12 -1 -1 16 1e+32
0.000000 0.005641 4 -1 -1 17 1e+32
0.000000 0.000000 4 -1 -1 17 1e+32
17
0.008683 0.005098 1852 2 1 -1 2.40941
0.008071 0.002968 624 4 3 0 1.07564
0.016287 0.000000 915 6 5 0 16.2438
0.011319 0.001165 176 8 7 1 -0.00175539
0.013594 0.003884 815 10 9 1 13.2846
0.000000 0.000000 915 -1 -1 2 1e+32
-0.010487 0.017478 608 12 11 2 3.08293e-41
-0.001344 0.001344 12 14 13 3 -1.09775
0.000000 0.012484 176 -1 -1 3 1e+32
0.000000 0.003884 815 -1 -1 4 1e+32
0.000000 0.017478 815 -1 -1 4 1e+32
0.000000 0.017478 608 -1 -1 6 1e+32
0.000000 0.006991 608 -1 -1 6 1e+32
-0.003496 0.003496 3 16 15 7 54.0081
0.000000 0.000000 12 -1 -1 7 1e+32
0.000000 0.003496 3 -1 -1 13 1e+32
0.000000 0.000000 3 -1 -1 13 1e+32
17
-0.014619 0.019994 936 2 1 -1 0.594248
0.022347 0.000000 280 4 3 0 -73.4164
0.026004 0.002667 654 6 5 0 1.23332
0.000000 0.000000 280 -1 -1 1 1e+32
0.021265 0.003584 1433 8 7 1 -2.25765
0.016448 0.000755 1320 10 9 2 1.43071
0.000000 0.028671 654 -1 -1 2 1e+32
0.000000 0.003584 1433 -1 -1 4 1e+32
-0.020852 0.026586 1971 12 11 4 1.27545
-0.005734 0.005734 34 14 13 5 -1.56825e-12
0.000000 0.017203 1320 -1 -1 5 1e+32
-0.019114 0.028671 662 16 15 8 1.12262
0.000000 0.005734 1971 -1 -1 8 1e+32
0.000000 0.005734 34 -1 -1 9 1e+32
0.000000 0.000000 34 -1 -1 9 1e+32
0.000000 0.028671 662 -1 -1 11 1e+32
0.000000 0.009557 662 -1 -1 11 1e+32
21
-0.011528 0.017886 1021 2 1 -1 -4.7837
0.016482 0.004514 1484 4 3 0 -0.434326
-0.017709 0.022570 960 6 5 0 -0.395294
-0.009028 0.009028 6 8 7 1 -14.6088
-0.009673 0.022570 1481 10 9 1 0.440391
0.000000 0.022570 960 -1 -1 2 1e+32
0.011437 0.002926 1549 12 11 2 1.01056
0.000000 0.009028 6 -1 -1 3 1e+32
0.000000 0.000000 6 -1 -1 3 1e+32
0.000000 0.022570 1481 -1 -1 4 1e+32
0.000000 0.012897 1481 -1 -1 4 1e+32
-0.007870 0.008464 1950 14 13 6 -0.534923
-0.018056 0.022570 229 16 15 6 -7.43225
0.019346 0.000000 1384 18 17 11 0.163788
-0.004514 0.004514 2 20 19 11 -2.57252e+31
0.000000 0.022570 229 -1 -1 12 1e+32
0.000000 0.004514 229 -1 -1 12 1e+32
0.000000 0.000000 1384 -1 -1 13 1e+32
0.000000 0.019346 1384 -1 -1 13 1e+32
0.000000 0.004514 2 -1 -1 14 1e+32
0.000000 0.000000 2 -1 -1 14 1e+32
19
-0.011386 0.017325 1020 2 1 -1 -4.05036
0.014014 0.006449 1820 4 3 0 1.12708
-0.017706 0.021160 1818 6 5 0 0.611037
-0.019347 0.019347 149 8 7 1 0.453295
-0.015662 0.022571 1799 10 9 1 0.558516
0.000000 0.021160 1818 -1 -1 2 1e+32
-0.013086 0.013819 12 12 11 2 -6.75198
0.000000 0.019347 149 -1 -1 3 1e+32
0.000000 0.000000 149 -1 -1 3 1e+32
0.001612 0.022571 238 14 13 4 -4.2712
0.000000 0.006909 1799 -1 -1 4 1e+32
0.000000 0.013819 12 -1 -1 6 1e+32
-0.004837 0.004837 41 16 15 6 -1.29728
0.004837 0.019347 3 18 17 9 65.1079
0.000000 0.024183 238 -1 -1 9 1e+32
0.000000 0.004837 41 -1 -1 12 1e+32
0.000000 0.000000 41 -1 -1 12 1e+32
0.000000 0.019347 3 -1 -1 13 1e+32
0.000000 0.024183 3 -1 -1 13 1e+32
19
0.010254 0.005458 1852 2 1 -1 2.45229
-0.008465 0.008465 267 4 3 0 0.0261555
0.017539 0.000000 991 6 5 0 15.1893
-0.008964 0.011941 1961 8 7 1 76.896
0.000000 0.000000 267 -1 -1 1 1e+32
0.000000 0.000000 991 -1 -1 2 1e+32
-0.011312 0.018854 1439 10 9 2 4.46298
0.014329 0.000000 1946 12 11 3 0.0326796
0.011312 0.000000 839 14 13 3 1.99992
0.000000 0.018854 1439 -1 -1 6 1e+32
0.000000 0.007542 1439 -1 -1 6 1e+32
0.000000 0.000000 1946 -1 -1 7 1e+32
-0.012420 0.017806 894 16 15 7 1.64589
0.000000 0.000000 839 -1 -1 8 1e+32
0.000000 0.011312 839 -1 -1 8 1e+32
0.003771 0.015083 4 18 17 12 -71.9265
0.000000 0.005387 894 -1 -1 12 1e+32
0.000000 0.015083 4 -1 -1 15 1e+32
0.000000 0.018854 4 -1 -1 15 1e+32
19
0.010934 0.001968 1029 2 1 -1 14.792
-0.012202 0.012202 873 4 3 0 15.0604
-0.012150 0.014862 29 6 5 0 1.08406
0.000000 0.012202 873 -1 -1 1 1e+32
0.000000 0.000000 873 -1 -1 1 1e+32
0.010702 0.006355 1661 8 7 2 0.616135
-0.004067 0.004067 206 10 9 2 -4.79797
0.016948 0.000000 132 12 11 5 1.20452
0.018553 0.000000 1852 14 13 5 1.39586
0.000000 0.004067 206 -1 -1 6 1e+32
0.000000 0.000000 206 -1 -1 6 1e+32
0.000000 0.000000 132 -1 -1 7 1e+32
0.000000 0.016948 132 -1 -1 7 1e+32
0.000000 0.000000 1852 -1 -1 8 1e+32
-0.009754 0.019922 1481 16 15 8 0.799755
0.004067 0.016270 178 18 17 14 -8.6635e+28
0.000000 0.010169 1481 -1 -1 14 1e+32
0.000000 0.016270 178 -1 -1 15 1e+32
0.000000 0.020337 178 -1 -1 15 1e+32
19
-0.008296 0.013801 937 2 1 -1 0.221569
-0.012452 0.015358 1379 4 3 0 0.470486
0.013331 0.004102 1477 6 5 0 0.988588
-0.013475 0.016962 1300 8 7 1 -1.2812
0.000000 0.002905 1379 -1 -1 1 1e+32
0.012122 0.002141 1547 10 9 2 1.33401
0.000000 0.017433 1477 -1 -1 2 1e+32
0.003487 0.013946 177 12 11 3 -22.2416
0.000000 0.003487 1300 -1 -1 3 1e+32
-0.012941 0.013946 1310 14 13 5 0.352641
-0.006973 0.017433 3 16 15 5 8010.41
0.000000 0.013946 177 -1 -1 7 1e+32
0.000000 0.017433 177 -1 -1 7 1e+32
0.000000 0.013946 1310 -1 -1 9 1e+32
0.010460 0.000000 731 18 17 9 251.968
0.000000 0.017433 3 -1 -1 10 1e+32
0.000000 0.010460 3 -1 -1 10 1e+32
0.000000 0.000000 731 -1 -1 14 1e+32
0.000000 0.010460 731 -1 -1 14 1e+32
21
-0.013338 0.021631 265 2 1 -1 -2.35646
-0.017020 0.024402 929 4 3 0 0.456755
-0.011922 0.016536 1020 6 5 0 -7.15405
-0.010335 0.025838 31 8 7 1 3.18312
0.000000 0.007382 929 -1 -1 1 1e+32
0.018948 0.005168 1818 10 9 2 0.803816
0.013534 0.001230 1559 12 11 2 0.977594
0.000000 0.025838 31 -1 -1 3 1e+32
0.000000 0.015503 31 -1 -1 3 1e+32
-0.010335 0.010335 6 14 13 5 0.260721
0.005168 0.020670 0 16 15 5 0.000162626
-0.005168 0.005168 64 18 17 6 -74.9921
0.022146 0.003691 815 20 19 6 13.6531
0.000000 0.010335 6 -1 -1 9 1e+32
0.000000 0.000000 6 -1 -1 9 1e+32
0.000000 0.020670 0 -1 -1 10 1e+32
0.000000 0.025838 0 -1 -1 10 1e+32
0.000000 0.005168 64 -1 -1 11 1e+32
0.000000 0.000000 64 -1 -1 11 1e+32
0.000000 0.003691 815 -1 -1 12 1e+32
0.000000 0.025838 815 -1 -1 12 1e+32
21
-0.006214 0.009609 1021 2 1 -1 -3.14119
0.007112 0.004836 325 4 3 0 -3.8754
-0.010622 0.012436 1703 6 5 0 1.18323
0.011788 0.000907 499 8 7 1 7.84427
0.010801 0.002418 120 10 9 1 -6.15013e-23
0.000000 0.012436 1703 -1 -1 2 1e+32
0.002418 0.000000 68 12 11 2 5.47176
-0.002902 0.002902 6 14 13 3 -18.4331
0.000000 0.012695 499 -1 -1 3 1e+32
0.000000 0.002418 120 -1 -1 4 1e+32
-0.008342 0.014146 990 16 15 4 5.86402
0.000000 0.000000 68 -1 -1 6 1e+32
-0.005803 0.005803 2 18 17 6 5.97403
0.000000 0.002902 6 -1 -1 7 1e+32
0.000000 0.000000 6 -1 -1 7 1e+32
0.002902 0.011607 0 20 19 10 -9.91636e+21
0.000000 0.005803 990 -1 -1 10 1e+32
0.000000 0.005803 2 -1 -1 12 1e+32
0.000000 0.000000 2 -1 -1 12 1e+32
0.000000 0.011607 0 -1 -1 15 1e+32
0.000000 0.014508 0 -1 -1 15 1e+32
21
-0.013313 0.023190 265 2 1 -1 -2.35646
-0.013892 0.027720 1265 4 3 0 -0.187774
-0.014981 0.021401 984 6 5 0 0.982575
-0.005926 0.029632 12 8 7 1 -1.42922
-0.025928 0.025928 1602 10 9 1 0.260034
0.029632 0.000000 1218 12 11 2 1.68521
-0.018235 0.022224 1829 14 13 2 0.532839
0.000000 0.029632 12 -1 -1 3 1e+32
0.000000 0.023706 12 -1 -1 3 1e+32
0.000000 0.025928 1602 -1 -1 4 1e+32
0.000000 0.000000 1602 -1 -1 4 1e+32
0.000000 0.000000 1218 -1 -1 5 1e+32
0.000000 0.029632 1218 -1 -1 5 1e+32
0.000000 0.022224 1829 -1 -1 6 1e+32
-0.017822 0.019755 1269 16 15 6 -0.353766
0.000000 0.019755 1269 -1 -1 14 1e+32
0.002279 0.000000 12 18 17 14 1.49211
0.000000 0.000000 12 -1 -1 16 1e+32
-0.005926 0.005926 4 20 19 16 -66.9497
0.000000 0.005926 4 -1 -1 18 1e+32
0.000000 0.000000 4 -1 -1 18 1e+32
19
0.013112 0.009538 130 2 1 -1 1.75281
-0.014369 0.021230 1798 4 3 0 0.321182
0.004746 0.018982 0 6 5 0 12.1731
-0.009491 0.023728 226 8 7 1 -0.000309668
-0.018181 0.023728 1768 10 9 1 1.46303
0.000000 0.018982 0 -1 -1 2 1e+32
0.000000 0.023728 0 -1 -1 2 1e+32
0.000000 0.023728 226 -1 -1 3 1e+32
0.000000 0.014237 226 -1 -1 3 1e+32
0.000000 0.023728 1768 -1 -1 4 1e+32
-0.019444 0.023728 2010 12 11 4 0.999896
0.000000 0.023728 2010 -1 -1 10 1e+32
-0.013182 0.015819 1690 14 13 10 1.09361
0.000000 0.015819 1690 -1 -1 12 1e+32
0.017755 0.001227 1538 16 15 12 0.20948
0.011864 0.000000 1101 18 17 14 0.999963
0.000000 0.018982 1538 -1 -1 14 1e+32
0.000000 0.000000 1101 -1 -1 15 1e+32
0.000000 0.011864 1101 -1 -1 15 1e+32
19
-0.006526 0.011303 1769 2 1 -1 -2.15087
-0.007565 0.012608 209 4 3 0 1.00001
-0.005638 0.008695 2026 6 5 0 0.0289301
0.000000 0.012608 209 -1 -1 1 1e+32
0.000000 0.005043 209 -1 -1 1 1e+32
0.010963 0.000000 1432 8 7 2 0.775423
0.010334 0.002273 1452 10 9 2 0.654453
0.000000 0.000000 1432 -1 -1 5 1e+32
-0.007565 0.012608 1268 12 11 5 0.264271
0.008711 0.001375 176 14 13 6 -0.000472035
0.000000 0.012608 1452 -1 -1 6 1e+32
0.000000 0.012608 1268 -1 -1 8 1e+32
0.000000 0.005043 1268 -1 -1 8 1e+32
-0.006679 0.007204 412 16 15 9 -3.83056
0.000000 0.010086 176 -1 -1 9 1e+32
0.000000 0.007204 412 -1 -1 13 1e+32
-0.005043 0.005043 596 18 17 13 -2.64852
0.000000 0.005043 596 -1 -1 16 1e+32
0.000000 0.000000 596 -1 -1 16 1e+32
23
0.009421 0.007548 130 2 1 -1 1.29383
-0.010139 0.015059 1690 4 3 0 1.16778
0.019877 0.000000 1697 6 5 0 1.2996
0.019677 0.000000 328 8 7 1 -0.000101348
-0.014055 0.017568 345 10 9 1 -0.0287561
0.000000 0.000000 1697 -1 -1 2 1e+32
0.008433 0.012649 3 12 11 2 22.9202
0.000000 0.000000 328 -1 -1 3 1e+32
0.004216 0.016866 4 14 13 3 -110.424
0.000000 0.017568 345 -1 -1 4 1e+32
-0.009035 0.010541 818 16 15 4 5.00275
0.000000 0.012649 3 -1 -1 6 1e+32
0.000000 0.021082 3 -1 -1 6 1e+32
0.000000 0.016866 4 -1 -1 8 1e+32
0.000000 0.021082 4 -1 -1 8 1e+32
-0.018070 0.018070 74 18 17 10 1.16789e-09
-0.001318 0.001318 64 20 19 10 -3.84827
0.000000 0.018070 74 -1 -1 15 1e+32
0.000000 0.000000 74 -1 -1 15 1e+32
-0.004216 0.004216 0 22 21 16 34.9327
0.000000 0.000000 64 -1 -1 16 1e+32
0.000000 0.004216 0 -1 -1 19 1e+32
0.000000 0.000000 0 -1 -1 19 1e+32
19
-0.007899 0.009952 1643 2 1 -1 0.4929
0.011244 0.000000 952 4 3 0 12.7821
0.008164 0.000949 172 6 5 0 0.780245
0.000000 0.000000 952 -1 -1 1 1e+32
-0.012025 0.012025 680 8 7 1 0.906153
-0.006076 0.006076 3 10 9 2 2.68215
0.000000 0.009113 172 -1 -1 2 1e+32
0.012922 0.000000 1341 12 11 4 -1.53272
0.000000 0.000000 680 -1 -1 4 1e+32
0.000000 0.006076 3 -1 -1 5 1e+32
0.000000 0.000000 3 -1 -1 5 1e+32
0.000000 0.000000 1341 -1 -1 7 1e+32
-0.009584 0.013923 605 14 13 7 3.08293e-41
0.007302 0.007595 1323 16 15 12 -1.10891
0.000000 0.004340 605 -1 -1 12 1e+32
0.000000 0.007595 1323 -1 -1 13 1e+32
0.003038 0.012151 16 18 17 13 -83.3253
0.000000 0.012151 16 -1 -1 16 1e+32
0.000000 0.015189 16 -1 -1 16 1e+32
17
-0.005259 0.008209 994 2 1 -1 -10.8215
-0.006161 0.009513 12 4 3 0 0.82399
0.005531 0.001844 1555 6 5 0 2.16391
-0.004023 0.010056 453 8 7 1 26.6016
0.000000 0.003352 12 -1 -1 1 1e+32
0.008959 0.001097 257 10 9 2 2.78904e+24
0.008045 0.002011 910 12 11 2 1.09477
0.000000 0.010056 453 -1 -1 3 1e+32
0.000000 0.006034 453 -1 -1 3 1e+32
-0.004023 0.004023 1824 14 13 5 0.6837
0.000000 0.010056 257 -1 -1 5 1e+32
0.000000 0.002011 910 -1 -1 6 1e+32
0.000000 0.010056 910 -1 -1 6 1e+32
0.007542 0.000000 1275 16 15 9 0.307501
0.000000 0.000000 1824 -1 -1 9 1e+32
0.000000 0.000000 1275 -1 -1 13 1e+32
0.000000 0.007542 1275 -1 -1 13 1e+32
21
-0.008541 0.013466 1020 2 1 -1 -4.9763
-0.010522 0.016226 265 4 3 0 0.526169
0.011504 0.003100 1413 6 5 0 0.337683
-0.014147 0.017798 786 8 7 1 15.8649
0.015212 0.000000 1750 10 9 1 0.314716
-0.003452 0.004213 60 12 11 2 0.674139
0.007302 0.010953 2 14 13 2 3.86394
0.003651 0.014604 0 16 15 3 -1.2123e+29
0.000000 0.003651 786 -1 -1 3 1e+32
0.000000 0.000000 1750 -1 -1 4 1e+32
0.000000 0.015212 1750 -1 -1 4 1e+32
0.010953 0.000000 261 18 17 5 4.64976e-05
-0.003651 0.003651 4 20 19 5 -80.5608
0.000000 0.010953 2 -1 -1 6 1e+32
0.000000 0.018255 2 -1 -1 6 1e+32
0.000000 0.014604 0 -1 -1 7 1e+32
0.000000 0.018255 0 -1 -1 7 1e+32
0.000000 0.000000 261 -1 -1 11 1e+32
0.000000 0.010953 261 -1 -1 11 1e+32
0.000000 0.003651 4 -1 -1 12 1e+32
0.000000 0.000000 4 -1 -1 12 1e+32
19
0.014460 0.002890 1029 2 1 -1 14.7446
-0.013968 0.013968 873 4 3 0 14.7767
-0.013975 0.022440 167 6 5 0 0.792605
0.000000 0.013968 873 -1 -1 1 1e+32
0.000000 0.000000 873 -1 -1 1 1e+32
0.024444 0.000000 228 8 7 2 -6.20102e+28
0.022947 0.004989 1404 10 9 2 1.61046
0.000000 0.000000 228 -1 -1 5 1e+32
0.020705 0.005587 1585 12 11 5 0.0652493
0.021134 0.001215 704 14 13 6 0.0653476
0.000000 0.027936 1404 -1 -1 6 1e+32
0.000000 0.005587 1585 -1 -1 8 1e+32
0.010476 0.017460 1359 16 15 8 0.146041
-0.005587 0.005587 4 18 17 9 -3.07361e+25
0.000000 0.022348 704 -1 -1 9 1e+32
0.000000 0.017460 1359 -1 -1 12 1e+32
0.000000 0.027936 1359 -1 -1 12 1e+32
0.000000 0.005587 4 -1 -1 13 1e+32
0.000000 0.000000 4 -1 -1 13 1e+32
19
-0.002988 0.003619 1656 2 1 -1 0.571594
0.002474 0.002639 91 4 3 0 10.5907
-0.003533 0.003533 750 6 5 0 10.5894
-0.003247 0.003983 121 8 7 1 35.6775
-0.000491 0.005888 238 10 9 1 -2.10048
0.000000 0.003533 750 -1 -1 2 1e+32
0.000000 0.000000 750 -1 -1 2 1e+32
-0.005016 0.005016 1495 12 11 3 -0.0114004
0.003533 0.000000 45 14 13 3 39.8764
0.000000 0.005888 238 -1 -1 4 1e+32
0.001178 0.004710 5 16 15 4 -46.5932
-0.003925 0.005888 2005 18 17 7 42.1134
0.000000 0.000000 1495 -1 -1 7 1e+32
0.000000 0.000000 45 -1 -1 8 1e+32
0.000000 0.003533 45 -1 -1 8 1e+32
0.000000 0.004710 5 -1 -1 10 1e+32
0.000000 0.005888 5 -1 -1 10 1e+32
0.000000 0.005888 2005 -1 -1 11 1e+32
0.000000 0.001963 2005 -1 -1 11 1e+32
21
-0.001004 0.001745 1675 2 1 -1 1.11974
0.001780 0.000262 1935 4 3 0 0.186408
0.001538 0.000455 1498 6 5 0 -0.424706
0.000000 0.000262 1935 -1 -1 1 1e+32
-0.001243 0.002290 1149 8 7 1 -3244.23
0.001686 0.000277 333 10 9 2 0.924025
0.000942 0.001413 24 12 11 2 -43.5593
0.000471 0.001884 23 14 13 4 -152.595
0.000000 0.001047 1149 -1 -1 4 1e+32
0.001012 0.000059 1759 16 15 5 0.0218118
0.000000 0.001963 333 -1 -1 5 1e+32
0.000000 0.001413 24 -1 -1 6 1e+32
0.000000 0.002355 24 -1 -1 6 1e+32
0.000000 0.001884 23 -1 -1 7 1e+32
0.000000 0.002355 23 -1 -1 7 1e+32
-0.000471 0.000471 41 18 17 9 -1.2247
-0.002355 0.002355 1622 20 19 9 0.907599
0.000000 0.000471 41 -1 -1 15 1e+32
0.000000 0.000000 41 -1 -1 15 1e+32
0.000000 0.002355 1622 -1 -1 16 1e+32
0.000000 0.000000 1622 -1 -1 16 1e+32
21
-0.005914 0.008847 945 2 1 -1 -2.47485
-0.006619 0.010999 145 4 3 0 3.12129
0.008726 0.000855 1216 6 5 0 1.92201
-0.008192 0.012755 268 8 7 1 3503.42
-0.012247 0.013688 633 10 9 1 1.04445
0.005475 0.000000 289 12 11 2 0.0369314
-0.008213 0.013688 29 14 13 2 0.872168
-0.008213 0.013688 1378 16 15 3 0.327052
0.010950 0.000000 727 18 17 3 1.97287
0.000000 0.013688 633 -1 -1 4 1e+32
0.005475 0.000000 1 20 19 4 11.6066
0.000000 0.000000 289 -1 -1 5 1e+32
0.000000 0.005475 289 -1 -1 5 1e+32
0.000000 0.013688 29 -1 -1 6 1e+32
0.000000 0.005475 29 -1 -1 6 1e+32
0.000000 0.013688 1378 -1 -1 7 1e+32
0.000000 0.005475 1378 -1 -1 7 1e+32
0.000000 0.000000 727 -1 -1 8 1e+32
0.000000 0.010950 727 -1 -1 8 1e+32
0.000000 0.000000 1 -1 -1 10 1e+32
0.000000 0.005475 1 -1 -1 10 1e+32
21
-0.010855 0.014138 1643 2 1 -1 0.491362
-0.015709 0.015709 893 4 3 0 10.7151
0.011929 0.000827 1646 6 5 0 0.664883
0.017195 0.000000 1279 8 7 1 -2.0952
0.000000 0.000000 893 -1 -1 1 1e+32
-0.004465 0.004465 87 10 9 2 -1.04749
0.000000 0.012756 1646 -1 -1 2 1e+32
0.000000 0.000000 1279 -1 -1 3 1e+32
0.010367 0.008929 1359 12 11 3 0.150012
0.000000 0.004465 87 -1 -1 5 1e+32
0.000000 0.000000 87 -1 -1 5 1e+32
0.022323 0.000000 231 14 13 8 -22.5354
0.016205 0.004465 1029 16 15 8 14.0976
0.000000 0.000000 231 -1 -1 11 1e+32
0.000000 0.022323 231 -1 -1 11 1e+32
0.000000 0.004465 1029 -1 -1 12 1e+32
-0.010697 0.021858 2014 18 17 12 86.0783
0.004465 0.017859 207 20 19 16 -17.5948
0.000000 0.011162 2014 -1 -1 16 1e+32
0.000000 0.017859 207 -1 -1 17 1e+32
0.000000 0.022323 207 -1 -1 17 1e+32
19
-0.008878 0.013112 1303 2 1 -1 0.373022
0.012167 0.002948 1836 4 3 0 1.38084
0.018818 0.001821 1218 6 5 0 2.27758
-0.004128 0.004128 185 8 7 1 -2.26245
0.013319 0.004423 1742 10 9 1 0.357731
0.012383 0.000000 1270 12 11 2 0.0524419
0.000000 0.020639 1218 -1 -1 2 1e+32
0.000000 0.004128 185 -1 -1 3 1e+32
0.000000 0.000000 185 -1 -1 3 1e+32
0.012383 0.000000 1307 14 13 4 0.585698
0.019448 0.000000 914 16 15 4 -19.3611
0.000000 0.000000 1270 -1 -1 5 1e+32
0.000000 0.012383 1270 -1 -1 5 1e+32
0.000000 0.000000 1307 -1 -1 9 1e+32
0.000000 0.012383 1307 -1 -1 9 1e+32
0.000000 0.000000 914 -1 -1 10 1e+32
-0.010319 0.020639 1643 18 17 10 0.493462
0.000000 0.020639 1643 -1 -1 16 1e+32
0.000000 0.010319 1643 -1 -1 16 1e+32
21
0.003911 0.003320 1554 2 1 -1 2.52644
-0.003658 0.005057 1887 4 3 0 -28.291
-0.004931 0.008218 1511 6 5 0 -0.203116
-0.004469 0.007807 1263 8 7 1 -0.225094
-0.004383 0.004383 898 10 9 1 5.4484
0.000000 0.008218 1511 -1 -1 2 1e+32
0.000000 0.003287 1511 -1 -1 2 1e+32
0.001644 0.006574 22 12 11 3 -186.826
-0.005544 0.006457 1631 14 13 3 1.28092
0.007305 0.000000 1413 16 15 4 0.0395433
0.000000 0.000000 898 -1 -1 4 1e+32
0.000000 0.006574 22 -1 -1 7 1e+32
0.000000 0.008218 22 -1 -1 7 1e+32
-0.004931 0.008218 32 18 17 8 6.22648
-0.003287 0.003287 116 20 19 8 -0.912437
0.000000 0.000000 1413 -1 -1 9 1e+32
0.000000 0.007305 1413 -1 -1 9 1e+32
0.000000 0.008218 32 -1 -1 13 1e+32
0.000000 0.003287 32 -1 -1 13 1e+32
0.000000 0.003287 116 -1 -1 14 1e+32
0.000000 0.000000 116 -1 -1 14 1e+32
23
-0.003814 0.004620 1811 2 1 -1 0.721903
-0.004564 0.005190 1657 4 3 0 0.609836
-0.003759 0.003759 1782 6 5 0 1.10503
-0.003547 0.006161 372 8 7 1 2.10195e-45
-0.001503 0.001503 0 10 9 1 -4.20665e+08
0.000000 0.003759 1782 -1 -1 2 1e+32
0.000000 0.000000 1782 -1 -1 2 1e+32
-0.003771 0.006903 944 12 11 3 -1.73925
0.005310 0.000537 713 14 13 3 -4.36025
0.000000 0.001503 0 -1 -1 4 1e+32
0.000000 0.000000 0 -1 -1 4 1e+32
-0.004339 0.007346 1388 16 15 7 0.834768
-0.006264 0.006264 802 18 17 7 15870
-0.001503 0.001503 6 20 19 8 -13.4757
0.000000 0.005847 713 -1 -1 8 1e+32
0.001503 0.006014 5 22 21 11 -106.334
0.000000 0.003007 1388 -1 -1 11 1e+32
0.000000 0.006264 802 -1 -1 12 1e+32
0.000000 0.000000 802 -1 -1 12 1e+32
0.000000 0.001503 6 -1 -1 13 1e+32
0.000000 0.000000 6 -1 -1 13 1e+32
0.000000 0.006014 5 -1 -1 15 1e+32
0.000000 0.007517 5 -1 -1 15 1e+32
23
-0.011478 0.014950 1643 2 1 -1 0.489326
0.014980 0.001967 1664 4 3 0 0.897377
-0.009835 0.009835 1251 6 5 0 0.768599
-0.004721 0.004721 0 8 7 1 6.1461
-0.012040 0.019417 167 10 9 1 0.901113
0.023605 0.000000 1203 12 11 2 1.29451
0.000000 0.000000 1251 -1 -1 2 1e+32
0.000000 0.004721 0 -1 -1 3 1e+32
0.000000 0.000000 0 -1 -1 3 1e+32
-0.017142 0.021076 1656 14 13 4 0.584406
0.023605 0.000000 1784 16 15 4 3.77936
0.000000 0.000000 1203 -1 -1 5 1e+32
0.000000 0.023605 1203 -1 -1 5 1e+32
-0.011289 0.023092 1666 18 17 9 1.00295
0.000000 0.003934 1656 -1 -1 9 1e+32
0.000000 0.000000 1784 -1 -1 10 1e+32
0.000000 0.023605 1784 -1 -1 10 1e+32
0.004721 0.018884 40 20 19 13 -0.791318
0.023605 0.000000 305 22 21 13 1.31296
0.000000 0.018884 40 -1 -1 17 1e+32
0.000000 0.023605 40 -1 -1 17 1e+32
0.000000 0.000000 305 -1 -1 18 1e+32
0.000000 0.023605 305 -1 -1 18 1e+32
17
-0.003181 0.005267 1655 2 1 -1 0.430588
0.004595 0.002028 1045 4 3 0 1.05941
0.004694 0.001565 426 6 5 0 2.04289
0.006085 0.000000 1322 8 7 1 0.0532669
-0.004189 0.007110 1668 10 9 1 1.05002
-0.002112 0.002738 244 12 11 2 4.56474e-06
0.000000 0.006259 426 -1 -1 2 1e+32
0.000000 0.000000 1322 -1 -1 3 1e+32
0.000000 0.006085 1322 -1 -1 3 1e+32
0.001460 0.005842 40 14 13 4 -0.791318
0.000000 0.002921 1668 -1 -1 4 1e+32
0.000000 0.002738 244 -1 -1 5 1e+32
-0.004381 0.004381 1174 16 15 5 -1.22341
0.000000 0.005842 40 -1 -1 9 1e+32
0.000000 0.007302 40 -1 -1 9 1e+32
0.000000 0.004381 1174 -1 -1 12 1e+32
0.000000 0.000000 1174 -1 -1 12 1e+32
19
0.001546 0.000913 979 2 1 -1 30.9034
-0.002626 0.003296 1760 4 3 0 0.230973
-0.002396 0.002946 1027 6 5 0 10.1158
0.000000 0.003296 1760 -1 -1 1 1e+32
0.002869 0.000427 1936 8 7 1 3.39816
0.002559 0.000659 1251 10 9 2 0.568208
-0.001319 0.001319 2 12 11 2 0.192752
0.002435 0.000202 115 14 13 4 1.09505
0.000000 0.003296 1936 -1 -1 4 1e+32
0.000000 0.000659 1251 -1 -1 5 1e+32
0.000659 0.002637 40 16 15 5 -0.487078
0.000000 0.001319 2 -1 -1 6 1e+32
0.000000 0.000000 2 -1 -1 6 1e+32
-0.001236 0.001236 1508 18 17 7 -0.571592
0.000000 0.002637 115 -1 -1 7 1e+32
0.000000 0.002637 40 -1 -1 10 1e+32
0.000000 0.003296 40 -1 -1 10 1e+32
0.000000 0.001236 1508 -1 -1 13 1e+32
0.000000 0.000000 1508 -1 -1 13 1e+32
21
0.009441 0.007703 337 2 1 -1 1.6281
-0.014079 0.019771 1706 4 3 0 0.152808
-0.017139 0.020220 1881 6 5 0 898.856
0.004314 0.017255 3 8 7 1 52.645
0.013428 0.003827 1662 10 9 1 1.17538
-0.008627 0.021568 12 12 11 2 -0.229054
0.000000 0.003081 1881 -1 -1 2 1e+32
0.000000 0.017255 3 -1 -1 3 1e+32
0.000000 0.021568 3 -1 -1 3 1e+32
-0.013053 0.015406 1768 14 13 4 1.5122
-0.008627 0.021568 202 16 15 4 0.5
0.000000 0.021568 12 -1 -1 5 1e+32
0.000000 0.012941 12 -1 -1 5 1e+32
0.000000 0.015406 1768 -1 -1 9 1e+32
-0.013498 0.014379 344 18 17 9 -9255.74
0.000000 0.021568 202 -1 -1 10 1e+32
0.000000 0.012941 202 -1 -1 10 1e+32
0.000000 0.014379 344 -1 -1 14 1e+32
-0.003081 0.003081 70 20 19 14 0.140625
0.000000 0.003081 70 -1 -1 18 1e+32
0.000000 0.000000 70 -1 -1 18 1e+32
23
-0.002551 0.003816 32 2 1 -1 4.78297
-0.002896 0.005547 1532 4 3 0 0.849529
0.003907 0.000521 1980 6 5 0 0.553324
0.000369 0.005535 66 8 7 1 4.12805
-0.003888 0.005904 904 10 9 1 -36.5975
-0.002952 0.002952 985 12 11 2 15.4394
0.000000 0.004428 1980 -1 -1 2 1e+32
0.001181 0.004723 4 14 13 3 -80.2917
0.000000 0.005904 66 -1 -1 3 1e+32
0.000000 0.005904 904 -1 -1 4 1e+32
0.003581 0.001143 2006 16 15 4 30.1318
0.000000 0.002952 985 -1 -1 5 1e+32
0.000000 0.000000 985 -1 -1 5 1e+32
0.000000 0.004723 4 -1 -1 7 1e+32
0.000000 0.005904 4 -1 -1 7 1e+32
0.003971 0.000246 167 18 17 10 0.87724
0.002362 0.003543 0 20 19 10 5.16028
-0.001181 0.001181 18 22 21 15 -12.4445
0.000000 0.004217 167 -1 -1 15 1e+32
0.000000 0.003543 0 -1 -1 16 1e+32
0.000000 0.005904 0 -1 -1 16 1e+32
0.000000 0.001181 18 -1 -1 17 1e+32
0.000000 0.000000 18 -1 -1 17 1e+32
17
-0.001185 0.002141 904 2 1 -1 -30.7928
-0.001004 0.002677 242 4 3 0 3.61102
-0.001136 0.001592 1461 6 5 0 -0.0379021
0.000000 0.002677 242 -1 -1 1 1e+32
0.000000 0.001673 242 -1 -1 1 1e+32
-0.001819 0.002231 1334 8 7 2 -0.0310545
0.001711 0.000201 1549 10 9 2 1.19018
-0.002141 0.002677 49 12 11 5 44.4545
-0.000535 0.000535 11 14 13 5 -4.43058
0.001606 0.000000 1420 16 15 6 0.308321
0.000000 0.001912 1549 -1 -1 6 1e+32
0.000000 0.002677 49 -1 -1 7 1e+32
0.000000 0.000535 49 -1 -1 7 1e+32
0.000000 0.000535 11 -1 -1 8 1e+32
0.000000 0.000000 11 -1 -1 8 1e+32
0.000000 0.000000 1420 -1 -1 9 1e+32
0.000000 0.001606 1420 -1 -1 9 1e+32
19
0.010266 0.007948 1555 2 1 -1 2.12799
-0.008831 0.011922 994 4 3 0 -9.40173
0.003974 0.015896 11 6 5 0 -16.6074
0.014254 0.000000 1614 8 7 1 -0.3139
0.011718 0.001528 1477 10 9 1 0.995491
0.000000 0.015896 11 -1 -1 2 1e+32
0.000000 0.019870 11 -1 -1 2 1e+32
0.000000 0.000000 1614 -1 -1 3 1e+32
0.014249 0.002484 1360 12 11 3 0.338704
-0.003974 0.003974 241 14 13 4 -0.612637
0.000000 0.013246 1477 -1 -1 4 1e+32
0.000000 0.002484 1360 -1 -1 8 1e+32
-0.010838 0.019870 1027 16 15 8 4.99233
0.000000 0.003974 241 -1 -1 9 1e+32
0.000000 0.000000 241 -1 -1 9 1e+32
0.000000 0.019870 1027 -1 -1 12 1e+32
0.019870 0.000000 881 18 17 12 -10.98
0.000000 0.000000 881 -1 -1 16 1e+32
0.000000 0.019870 881 -1 -1 16 1e+32
21
0.003865 0.001850 1413 2 1 -1 -0.0451873
0.007069 0.000638 1557 4 3 0 2.2813
-0.004588 0.006643 1426 6 5 0 3.02969
-0.003699 0.003699 116 8 7 1 -0.98405
0.000000 0.007707 1557 -1 -1 1 1e+32
-0.004845 0.007735 1844 10 9 2 2.50672
0.006165 0.000000 1584 12 11 2 -0.607315
0.000000 0.003699 116 -1 -1 3 1e+32
0.000000 0.000000 116 -1 -1 3 1e+32
0.006952 0.001541 628 14 13 5 -53.897
0.006606 0.000000 1964 16 15 5 18.5068
0.000000 0.000000 1584 -1 -1 6 1e+32
0.000000 0.006165 1584 -1 -1 6 1e+32
0.000000 0.001541 628 -1 -1 9 1e+32
0.002862 0.006165 232 18 17 9 -1.39078e+15
0.000000 0.000000 1964 -1 -1 10 1e+32
0.000000 0.006606 1964 -1 -1 10 1e+32
0.000000 0.006165 232 -1 -1 14 1e+32
0.001850 0.007398 205 20 19 14 -7.46236
0.000000 0.007398 205 -1 -1 18 1e+32
0.000000 0.009248 205 -1 -1 18 1e+32
23
-0.000606 0.001056 1434 2 1 -1 -0.244697
0.000763 0.000528 1852 4 3 0 2.01047
-0.000868 0.001173 1830 6 5 0 0.734026
-0.001267 0.001408 222 8 7 1 -2.33012
-0.000704 0.001408 1847 10 9 1 2.02739
-0.000563 0.001408 0 12 11 2 34.9448
0.000638 0.000103 1970 14 13 2 0.548825
0.000000 0.001408 222 -1 -1 3 1e+32
-0.000282 0.000282 0 16 15 3 12.2524
0.000000 0.001408 1847 -1 -1 4 1e+32
0.000000 0.000704 1847 -1 -1 4 1e+32
0.000000 0.001408 0 -1 -1 5 1e+32
0.000000 0.000845 0 -1 -1 5 1e+32
0.000845 0.000000 491 18 17 6 3.79403
0.001173 0.000000 279 20 19 6 -10.5415
0.000000 0.000282 0 -1 -1 8 1e+32
0.000000 0.000000 0 -1 -1 8 1e+32
0.000000 0.000000 491 -1 -1 13 1e+32
0.000000 0.000845 491 -1 -1 13 1e+32
0.000000 0.000000 279 -1 -1 14 1e+32
0.000563 0.000845 0 22 21 14 2.50972
0.000000 0.000845 0 -1 -1 20 1e+32
0.000000 0.001408 0 -1 -1 20 1e+32
21
-0.005495 0.010571 904 2 1 -1 -31.039
-0.009145 0.012614 29 4 3 0 0.852864
-0.006651 0.010673 1725 6 5 0 0.998335
0.008325 0.005550 1359 8 7 1 0.107401
0.000000 0.003469 29 -1 -1 1 1e+32
-0.008325 0.013875 102 10 9 2 1.38175
0.010792 0.003083 1860 12 11 2 2.40025
0.000000 0.005550 1359 -1 -1 3 1e+32
0.000000 0.013875 1359 -1 -1 3 1e+32
0.000000 0.013875 102 -1 -1 5 1e+32
0.000000 0.005550 102 -1 -1 5 1e+32
-0.008993 0.010792 1860 14 13 6 1.1402
0.000000 0.013875 1860 -1 -1 6 1e+32
0.000000 0.010792 1860 -1 -1 11 1e+32
0.006307 0.000631 1314 16 15 11 3.92248
-0.002775 0.002775 190 18 17 14 2.04163e-06
0.013875 0.000000 870 20 19 14 15.5127
0.000000 0.002775 190 -1 -1 15 1e+32
0.000000 0.000000 190 -1 -1 15 1e+32
0.000000 0.000000 870 -1 -1 16 1e+32
0.000000 0.013875 870 -1 -1 16 1e+32
19
0.005703 0.001352 1029 2 1 -1 14.7045
0.007031 0.000000 1770 4 3 0 0.0663657
0.006485 0.001563 1433 6 5 0 -2.34766
0.000000 0.000000 1770 -1 -1 1 1e+32
0.000000 0.007031 1770 -1 -1 1 1e+32
-0.004688 0.004688 41 8 7 2 -0.175276
0.008906 0.000000 1353 10 9 2 0.157645
0.000000 0.004688 41 -1 -1 5 1e+32
0.000000 0.000000 41 -1 -1 5 1e+32
0.000000 0.000000 1353 -1 -1 6 1e+32
0.005952 0.003906 1858 12 11 6 1.21125
0.009375 0.000000 161 14 13 10 1.25334
-0.004840 0.010700 238 16 15 10 0.439264
0.000000 0.000000 161 -1 -1 11 1e+32
0.000000 0.009375 161 -1 -1 11 1e+32
0.006696 0.005022 278 18 17 12 -20.4768
0.000000 0.005859 238 -1 -1 12 1e+32
0.000000 0.005022 278 -1 -1 15 1e+32
0.000000 0.011719 278 -1 -1 15 1e+32
21
-0.009488 0.016183 1021 2 1 -1 -3.97519
-0.018271 0.018271 1657 4 3 0 0.594805
0.013605 0.003924 1477 6 5 0 0.743937
0.020158 0.000000 330 8 7 1 -1.03891e-30
0.000000 0.000000 1657 -1 -1 1 1e+32
-0.003443 0.003443 70 10 9 2 9.2315
-0.014461 0.024102 3 12 11 2 89.1902
0.000000 0.000000 330 -1 -1 3 1e+32
0.016872 0.004820 1732 14 13 3 0.40942
0.014461 0.000000 221 16 15 5 -3.09836
0.000000 0.000000 70 -1 -1 5 1e+32
0.000000 0.024102 3 -1 -1 6 1e+32
0.000000 0.009641 3 -1 -1 6 1e+32
0.000000 0.004820 1732 -1 -1 8 1e+32
-0.015520 0.023555 1971 18 17 8 0.900726
0.000000 0.000000 221 -1 -1 9 1e+32
0.000000 0.014461 221 -1 -1 9 1e+32
0.004820 0.019282 211 20 19 14 -470.978
0.000000 0.008034 1971 -1 -1 14 1e+32
0.000000 0.019282 211 -1 -1 17 1e+32
0.000000 0.024102 211 -1 -1 17 1e+32
19
-0.001185 0.001704 1502 2 1 -1 0.47865
-0.001283 0.002075 144 4 3 0 3.31056
0.001779 0.000296 1818 6 5 0 1.17163
-0.001567 0.002279 260 8 7 1 1.09495e+15
-0.001690 0.001868 1856 10 9 1 1.49127
-0.001038 0.001038 1852 12 11 2 1.89618
0.000000 0.002075 1818 -1 -1 2 1e+32
-0.001660 0.002491 1473 14 13 3 0.217951
0.000000 0.000712 260 -1 -1 3 1e+32
0.000000 0.001868 1856 -1 -1 4 1e+32
-0.000498 0.000498 1 16 15 4 5.67017
0.002075 0.000000 102 18 17 5 0.976168
0.000000 0.000000 1852 -1 -1 5 1e+32
0.000000 0.002491 1473 -1 -1 7 1e+32
0.000000 0.000830 1473 -1 -1 7 1e+32
0.000000 0.000498 1 -1 -1 10 1e+32
0.000000 0.000000 1 -1 -1 10 1e+32
0.000000 0.000000 102 -1 -1 11 1e+32
0.000000 0.002075 102 -1 -1 11 1e+32
23
-0.007138 0.012241 29 2 1 -1 0.808728
0.013745 0.000000 1852 4 3 0 1.55359
-0.008958 0.012053 1907 6 5 0 162.048
0.000000 0.000000 1852 -1 -1 1 1e+32
0.010335 0.005223 1379 8 7 1 0.0160466
0.013928 0.003482 422 10 9 2 -0.190582
-0.012187 0.013928 1474 12 11 2 -1.63487
0.010446 0.000000 28 14 13 4 1.24829e-22
-0.011182 0.016985 1989 16 15 4 0.846212
0.000000 0.003482 422 -1 -1 5 1e+32
0.000000 0.017410 422 -1 -1 5 1e+32
0.000000 0.013928 1474 -1 -1 6 1e+32
0.009948 0.000497 117 18 17 6 3.45893
0.000000 0.000000 28 -1 -1 7 1e+32
0.000000 0.010446 28 -1 -1 7 1e+32
0.003482 0.013928 3 20 19 8 4.9596e-13
0.000000 0.005803 1989 -1 -1 8 1e+32
-0.003482 0.003482 4 22 21 12 -97.3447
0.000000 0.010446 117 -1 -1 12 1e+32
0.000000 0.013928 3 -1 -1 15 1e+32
0.000000 0.017410 3 -1 -1 15 1e+32
0.000000 0.003482 4 -1 -1 17 1e+32
0.000000 0.000000 4 -1 -1 17 1e+32
21
-0.008969 0.009753 1657 2 1 -1 0.595094
0.011161 0.000000 1484 4 3 0 -0.887928
-0.003294 0.003294 0 6 5 0 -4.20665e+08
0.000000 0.000000 1484 -1 -1 1 1e+32
-0.012103 0.012103 1534 8 7 1 0.125761
0.000000 0.003294 0 -1 -1 2 1e+32
0.000000 0.000000 0 -1 -1 2 1e+32
0.012879 0.000000 280 10 9 4 -58.9
0.000000 0.000000 1534 -1 -1 4 1e+32
0.000000 0.000000 280 -1 -1 7 1e+32
0.009764 0.004491 1428 12 11 7 -4.19789
-0.009881 0.009881 6 14 13 10 -13.5664
-0.011846 0.015140 1278 16 15 10 2.39996
0.000000 0.009881 6 -1 -1 11 1e+32
0.000000 0.000000 6 -1 -1 11 1e+32
-0.010684 0.016174 41 18 17 12 0.565553
0.000000 0.003294 1278 -1 -1 12 1e+32
0.003294 0.013174 360 20 19 15 -4.00351
0.000000 0.005489 41 -1 -1 15 1e+32
0.000000 0.013174 360 -1 -1 17 1e+32
0.000000 0.016468 360 -1 -1 17 1e+32
21
-0.005402 0.006683 1811 2 1 -1 0.721096
0.005364 0.002523 1359 4 3 0 0.149608
0.006660 0.000000 170 6 5 0 0.644044
0.008228 0.000653 726 8 7 1 10020.8
-0.004707 0.009684 1439 10 9 1 0.649921
0.000000 0.000000 170 -1 -1 2 1e+32
0.000000 0.006660 170 -1 -1 2 1e+32
-0.002220 0.002220 6 12 11 3 -26.7811
0.000000 0.008881 726 -1 -1 3 1e+32
0.008352 0.002220 995 14 13 4 0.0769091
0.007836 0.000000 326 16 15 4 0.588186
0.000000 0.002220 6 -1 -1 7 1e+32
0.000000 0.000000 6 -1 -1 7 1e+32
0.000000 0.002220 995 -1 -1 9 1e+32
0.004440 0.006660 251 18 17 9 -0.764797
0.000000 0.000000 326 -1 -1 10 1e+32
-0.007929 0.011101 1364 20 19 10 -0.157558
0.000000 0.006660 251 -1 -1 14 1e+32
0.000000 0.011101 251 -1 -1 14 1e+32
0.000000 0.011101 1364 -1 -1 16 1e+32
0.000000 0.003172 1364 -1 -1 16 1e+32
19
-0.006201 0.010378 226 2 1 -1 -1.87937
0.006514 0.006640 231 4 3 0 -30.9317
-0.010458 0.012948 1798 6 5 0 0.332422
0.011510 0.000000 410 8 7 1 2.27201
-0.008632 0.014387 1304 10 9 1 0.930887
0.002877 0.011510 0 12 11 2 0.034718
-0.010738 0.011989 1295 14 13 2 -1.60834
0.000000 0.000000 410 -1 -1 3 1e+32
-0.008632 0.014387 12 16 15 3 -3.9764
0.000000 0.014387 1304 -1 -1 4 1e+32
0.000000 0.005755 1304 -1 -1 4 1e+32
0.000000 0.011510 0 -1 -1 5 1e+32
0.000000 0.014387 0 -1 -1 5 1e+32
0.000000 0.011989 1295 -1 -1 6 1e+32
0.007194 0.000000 1908 18 17 6 32.889
0.000000 0.014387 12 -1 -1 8 1e+32
0.000000 0.005755 12 -1 -1 8 1e+32
0.000000 0.000000 1908 -1 -1 14 1e+32
0.000000 0.007194 1908 -1 -1 14 1e+32
21
0.001182 0.000216 1433 2 1 -1 -2.23254
0.000950 0.000000 90 4 3 0 0.125418
-0.001147 0.001623 1009 6 5 0 5.09763
0.000000 0.000000 90 -1 -1 1 1e+32
0.000000 0.000950 90 -1 -1 1 1e+32
-0.001848 0.001848 1335 8 7 2 1.42297
-0.001584 0.001584 74 10 9 2 7.10861e-16
-0.000741 0.002198 6 12 11 5 -12.1898
0.000000 0.000000 1335 -1 -1 5 1e+32
0.000000 0.001584 74 -1 -1 6 1e+32
0.000000 0.000000 74 -1 -1 6 1e+32
0.001426 0.000950 1283 14 13 7 0.156482
-0.001475 0.002217 1095 16 15 7 0.835418
0.000000 0.000950 1283 -1 -1 11 1e+32
0.000000 0.002376 1283 -1 -1 11 1e+32
0.000475 0.001901 4 18 17 12 -39.1695
0.001697 0.000000 706 20 19 12 -3.17724
0.000000 0.001901 4 -1 -1 15 1e+32
0.000000 0.002376 4 -1 -1 15 1e+32
0.000000 0.000000 706 -1 -1 16 1e+32
0.000000 0.001697 706 -1 -1 16 1e+32
21
-0.007186 0.012517 1532 2 1 -1 0.850112
0.009081 0.006398 1389 4 3 0 0.50415
-0.006866 0.009774 240 6 5 0 8.41006e-07
0.014395 0.001599 270 8 7 1 -2.60498e-08
0.003199 0.012795 0 10 9 1 -5.14227e+31
-0.014661 0.014661 40 12 11 2 0.521407
0.011155 0.001640 380 14 13 2 7.35493
-0.003199 0.003199 4 16 15 3 -49.3895
0.000000 0.015994 270 -1 -1 3 1e+32
0.000000 0.012795 0 -1 -1 4 1e+32
0.000000 0.015994 0 -1 -1 4 1e+32
0.003199 0.012795 0 18 17 5 12.485
0.000000 0.000000 40 -1 -1 5 1e+32
-0.009140 0.009140 1812 20 19 6 0.445424
0.000000 0.012795 380 -1 -1 6 1e+32
0.000000 0.003199 4 -1 -1 7 1e+32
0.000000 0.000000 4 -1 -1 7 1e+32
0.000000 0.012795 0 -1 -1 11 1e+32
0.000000 0.015994 0 -1 -1 11 1e+32
0.000000 0.009140 1812 -1 -1 13 1e+32
0.000000 0.000000 1812 -1 -1 13 1e+32
25
-0.010271 0.018289 112 2 1 -1 0.74551
-0.015352 0.021639 917 4 3 0 -20.5201
0.014878 0.004352 1554 6 5 0 2.5152
0.018794 0.005030 1283 8 7 1 0.153724
0.015089 0.000000 174 10 9 1 2.3501e-13
0.010437 0.000740 1999 12 11 2 0.465639
0.020118 0.005030 1399 14 13 2 -1.01096
0.000000 0.005030 1283 -1 -1 3 1e+32
0.001934 0.023213 66 16 15 3 0.000745183
0.000000 0.000000 174 -1 -1 4 1e+32
0.000000 0.015089 174 -1 -1 4 1e+32
-0.005030 0.005030 0 18 17 5 8.01875
-0.020118 0.020118 945 20 19 5 -2.59903
0.000000 0.005030 1399 -1 -1 6 1e+32
0.000000 0.025148 1399 -1 -1 6 1e+32
0.005030 0.020118 0 22 21 8 6.78215
0.000000 0.025148 66 -1 -1 8 1e+32
0.000000 0.005030 0 -1 -1 11 1e+32
0.000000 0.000000 0 -1 -1 11 1e+32
-0.010059 0.025148 0 24 23 12 41.2675
0.000000 0.000000 945 -1 -1 12 1e+32
0.000000 0.020118 0 -1 -1 15 1e+32
0.000000 0.025148 0 -1 -1 15 1e+32
0.000000 0.025148 0 -1 -1 19 1e+32
0.000000 0.015089 0 -1 -1 19 1e+32
25
-0.006534 0.010516 1643 2 1 -1 0.42925
-0.007752 0.012639 145 4 3 0 3.00456
0.009541 0.001862 333 6 5 0 0.77949
0.007652 0.007757 139 8 7 1 2.44647e-19
0.010860 0.000000 1458 10 9 1 0.00628268
0.009231 0.000543 1281 12 11 2 1.715
-0.009774 0.016290 2 14 13 2 26.715
-0.013180 0.014661 918 16 15 3 -11.1141
0.006516 0.009774 207 18 17 3 -10.9691
0.000000 0.000000 1458 -1 -1 4 1e+32
0.000000 0.010860 1458 -1 -1 4 1e+32
-0.003258 0.003258 16 20 19 5 -38.6232
0.000000 0.009774 1281 -1 -1 5 1e+32
0.000000 0.016290 2 -1 -1 6 1e+32
0.000000 0.006516 2 -1 -1 6 1e+32
0.003258 0.013032 0 22 21 7 -1.2123e+29
-0.003258 0.003258 2 24 23 7 -4.35132e+27
0.000000 0.009774 207 -1 -1 8 1e+32
0.000000 0.016290 207 -1 -1 8 1e+32
0.000000 0.003258 16 -1 -1 11 1e+32
0.000000 0.000000 16 -1 -1 11 1e+32
0.000000 0.013032 0 -1 -1 15 1e+32
0.000000 0.016290 0 -1 -1 15 1e+32
0.000000 0.003258 2 -1 -1 16 1e+32
0.000000 0.000000 2 -1 -1 16 1e+32
23
-0.003937 0.007621 1642 2 1 -1 0.353502
-0.006304 0.009251 1448 4 3 0 -0.929835
-0.008530 0.011050 1716 6 5 0 0.163581
-0.007967 0.010177 892 8 7 1 4.4562
0.008840 0.000000 1064 10 9 1 3.19784
0.000000 0.011050 1716 -1 -1 2 1e+32
0.005590 0.001441 1908 12 11 2 30.5066
0.005525 0.005525 879 14 13 3 -19.5734
0.000000 0.002210 892 -1 -1 3 1e+32
0.000000 0.000000 1064 -1 -1 4 1e+32
0.000000 0.008840 1064 -1 -1 4 1e+32
-0.004279 0.004604 615 16 15 6 -0.791062
0.008840 0.002210 1283 18 17 6 0.1988
0.000000 0.005525 879 -1 -1 7 1e+32
0.000000 0.011050 879 -1 -1 7 1e+32
-0.011050 0.011050 80 20 19 11 10.2015
-0.002210 0.002210 3 22 21 11 2.57051
0.000000 0.002210 1283 -1 -1 12 1e+32
0.000000 0.011050 1283 -1 -1 12 1e+32
0.000000 0.011050 80 -1 -1 15 1e+32
0.000000 0.000000 80 -1 -1 15 1e+32
0.000000 0.002210 3 -1 -1 16 1e+32
0.000000 0.000000 3 -1 -1 16 1e+32
19
-0.005779 0.010542 1798 2 1 -1 0.329722
-0.006114 0.012228 1700 4 3 0 2.29763
0.006696 0.003494 130 6 5 0 1.74302
0.000000 0.012228 1700 -1 -1 1 1e+32
0.000000 0.006114 1700 -1 -1 1 1e+32
-0.008041 0.010700 77 8 7 2 -38.4354
-0.007337 0.012228 363 10 9 2 8.70646
0.000000 0.010700 77 -1 -1 5 1e+32
-0.007367 0.009171 803 12 11 5 61.0206
0.000000 0.012228 363 -1 -1 6 1e+32
0.000000 0.004891 363 -1 -1 6 1e+32
0.000000 0.009171 803 -1 -1 8 1e+32
-0.006720 0.007643 42 14 13 8 -0.153584
0.000000 0.007643 42 -1 -1 12 1e+32
-0.007082 0.007337 882 16 15 12 2.57248
0.000000 0.007337 882 -1 -1 14 1e+32
-0.002446 0.002446 17 18 17 14 -41.3738
0.000000 0.002446 17 -1 -1 16 1e+32
0.000000 0.000000 17 -1 -1 16 1e+32
23
-0.006906 0.012077 1492 2 1 -1 0.190366
0.002536 0.010145 16 4 3 0 -72.0057
0.006571 0.003804 132 6 5 0 1.49105
0.000000 0.010145 16 -1 -1 1 1e+32
0.000000 0.012681 16 -1 -1 1 1e+32
0.008696 0.002717 1670 8 7 2 1.12916
-0.010145 0.012681 848 10 9 2 263.526
0.007186 0.001691 1730 12 11 5 -0.605278
0.002536 0.010145 3 14 13 5 3.31203e+26
0.000000 0.012681 848 -1 -1 6 1e+32
0.000000 0.002536 848 -1 -1 6 1e+32
0.006065 0.000276 1606 16 15 7 0.493102
-0.007609 0.012681 6 18 17 7 -5.18721
0.000000 0.010145 3 -1 -1 8 1e+32
0.000000 0.012681 3 -1 -1 8 1e+32
-0.002536 0.002536 211 20 19 11 -5848.06
-0.011096 0.011096 31 22 21 11 2.32011
0.000000 0.012681 6 -1 -1 12 1e+32
0.000000 0.005073 6 -1 -1 12 1e+32
0.000000 0.002536 211 -1 -1 15 1e+32
0.000000 0.000000 211 -1 -1 15 1e+32
0.000000 0.011096 31 -1 -1 16 1e+32
0.000000 0.000000 31 -1 -1 16 1e+32
21
-0.003868 0.005250 1643 2 1 -1 0.498027
0.004066 0.004157 1804 4 3 0 0.803073
0.004758 0.000000 1566 6 5 0 0.719924
0.004425 0.002855 1554 8 7 1 2.35707
0.001713 0.006852 91 10 9 1 4.10493
0.000000 0.000000 1566 -1 -1 2 1e+32
0.000000 0.004758 1566 -1 -1 2 1e+32
0.006526 0.002039 1589 12 11 3 0.904842
-0.005139 0.008565 1123 14 13 3 -369.798
0.000000 0.006852 91 -1 -1 4 1e+32
0.000000 0.008565 91 -1 -1 4 1e+32
-0.007408 0.008565 1497 16 15 7 0.919778
0.000000 0.008565 1589 -1 -1 7 1e+32
0.000000 0.008565 1123 -1 -1 8 1e+32
0.000000 0.003426 1123 -1 -1 8 1e+32
0.000000 0.008565 1497 -1 -1 11 1e+32
-0.004609 0.004894 1674 18 17 11 0.699789
0.000000 0.004894 1674 -1 -1 16 1e+32
-0.001713 0.001713 190 20 19 16 -1.84586e+10
0.000000 0.001713 190 -1 -1 18 1e+32
0.000000 0.000000 190 -1 -1 18 1e+32
21
-0.003756 0.005809 937 2 1 -1 0.467521
-0.005365 0.006715 1313 4 3 0 1.30966
-0.004214 0.005011 114 6 5 0 1.9652e-40
0.005879 0.001754 1947 8 7 1 0.0673419
0.003508 0.000000 6 10 9 1 -0.000468607
0.007517 0.001253 1008 12 11 2 3.16512
-0.004385 0.004385 609 14 13 2 -0.487826
0.003508 0.000000 0 16 15 3 21.9217
0.006479 0.001754 1072 18 17 3 0.998341
0.000000 0.000000 6 -1 -1 4 1e+32
0.000000 0.003508 6 -1 -1 4 1e+32
0.000000 0.001253 1008 -1 -1 5 1e+32
0.000000 0.008770 1008 -1 -1 5 1e+32
0.000000 0.004385 609 -1 -1 6 1e+32
0.000000 0.000000 609 -1 -1 6 1e+32
0.000000 0.000000 0 -1 -1 7 1e+32
0.000000 0.003508 0 -1 -1 7 1e+32
0.000000 0.001754 1072 -1 -1 8 1e+32
-0.005262 0.008770 991 20 19 8 30.9855
0.000000 0.008770 991 -1 -1 18 1e+32
0.000000 0.003508 991 -1 -1 18 1e+32
17
-0.007609 0.009966 1657 2 1 -1 0.56137
0.008763 0.004124 1359 4 3 0 0.18154
0.006598 0.000000 61 6 5 0 9.10763
0.008927 0.000970 188 8 7 1 3.98874
0.011823 0.002356 1939 10 9 1 0.136426
0.000000 0.000000 61 -1 -1 2 1e+32
0.000000 0.006598 61 -1 -1 2 1e+32
-0.003299 0.003299 0 12 11 3 22.9201
0.000000 0.009897 188 -1 -1 3 1e+32
0.000000 0.002356 1939 -1 -1 4 1e+32
0.010792 0.004713 1766 14 13 4 -1.41078
0.000000 0.003299 0 -1 -1 7 1e+32
0.000000 0.000000 0 -1 -1 7 1e+32
0.000000 0.004713 1766 -1 -1 10 1e+32
-0.008247 0.016495 1528 16 15 10 0.375483
0.000000 0.016495 1528 -1 -1 14 1e+32
0.000000 0.008247 1528 -1 -1 14 1e+32
21
-0.002861 0.005211 1734 2 1 -1 0.523072
0.004185 0.001982 540 4 3 0 -7.00649e-46
-0.004066 0.005286 849 6 5 0 114.073
-0.006344 0.006344 1107 8 7 1 -1.83105e-05
0.005784 0.001133 1433 10 9 1 -2.49993
0.006608 0.001322 1203 12 11 2 1.48508
-0.005877 0.006344 1864 14 13 2 0.238705
0.000000 0.006344 1107 -1 -1 3 1e+32
0.000000 0.000000 1107 -1 -1 3 1e+32
0.000000 0.001133 1433 -1 -1 4 1e+32
0.001281 0.006344 234 16 15 4 0.30959
0.000000 0.001322 1203 -1 -1 5 1e+32
0.000000 0.007929 1203 -1 -1 5 1e+32
0.000000 0.006344 1864 -1 -1 6 1e+32
0.003172 0.000000 99 18 17 6 1.65282
0.000000 0.006344 234 -1 -1 10 1e+32
0.001586 0.006344 28 20 19 10 0.766236
0.000000 0.000000 99 -1 -1 14 1e+32
0.000000 0.003172 99 -1 -1 14 1e+32
0.000000 0.006344 28 -1 -1 16 1e+32
0.000000 0.007929 28 -1 -1 16 1e+32
19
-0.003010 0.004494 955 2 1 -1 -8.27182
-0.003172 0.005551 144 4 3 0 2.90161
0.004878 0.000787 1788 6 5 0 2.34441
-0.005057 0.006158 1657 8 7 1 0.570521
-0.005461 0.005874 133 10 9 1 1.12273
-0.001990 0.002203 64 12 11 2 -9.49376
0.000000 0.005664 1788 -1 -1 2 1e+32
0.001322 0.005287 66 14 13 3 -8.73229
0.000000 0.001101 1657 -1 -1 3 1e+32
0.000000 0.005874 133 -1 -1 4 1e+32
-0.001322 0.001322 0 16 15 4 27.2041
0.000000 0.002203 64 -1 -1 5 1e+32
-0.001322 0.001322 26 18 17 5 4.47573
0.000000 0.005287 66 -1 -1 7 1e+32
0.000000 0.006609 66 -1 -1 7 1e+32
0.000000 0.001322 0 -1 -1 10 1e+32
0.000000 0.000000 0 -1 -1 10 1e+32
0.000000 0.001322 26 -1 -1 12 1e+32
0.000000 0.000000 26 -1 -1 12 1e+32
21
-0.008212 0.014651 851 2 1 -1 128.943
0.003084 0.012337 4 4 3 0 -68.145
0.007189 0.004880 130 6 5 0 1.75356
0.000000 0.012337 4 -1 -1 1 1e+32
0.000000 0.015422 4 -1 -1 1 1e+32
0.010914 0.003222 261 8 7 2 6.12481
-0.011015 0.015422 628 10 9 2 -10.2358
-0.013183 0.015422 1381 12 11 5 -0.651908
0.003084 0.012337 2 14 13 5 -3.95866e+28
0.000000 0.015422 628 -1 -1 6 1e+32
0.000000 0.004406 628 -1 -1 6 1e+32
0.000000 0.015422 1381 -1 -1 7 1e+32
-0.008379 0.008996 1846 16 15 7 1.17292
0.000000 0.012337 2 -1 -1 8 1e+32
0.000000 0.015422 2 -1 -1 8 1e+32
-0.015422 0.015422 317 18 17 12 -3.62321
0.006169 0.000000 99 20 19 12 1.64921
0.000000 0.015422 317 -1 -1 15 1e+32
0.000000 0.000000 317 -1 -1 15 1e+32
0.000000 0.000000 99 -1 -1 16 1e+32
0.000000 0.006169 99 -1 -1 16 1e+32
23
-0.002625 0.004773 937 2 1 -1 0.178423
-0.005419 0.005419 986 4 3 0 6.05918
-0.002992 0.004557 615 6 5 0 -1.98886
-0.003455 0.005886 1418 8 7 1 0.229421
0.000000 0.000000 986 -1 -1 1 1e+32
-0.004050 0.006075 1473 10 9 2 -0.00170203
-0.002623 0.003314 119 12 11 2 3.28212e-31
0.001215 0.004860 41 14 13 3 -1.48197
0.000000 0.002430 1418 -1 -1 3 1e+32
0.000000 0.006075 1473 -1 -1 5 1e+32
0.000000 0.002025 1473 -1 -1 5 1e+32
-0.005207 0.005207 1034 16 15 6 21.3891
0.003307 0.000164 1477 18 17 6 0.97943
0.000000 0.004860 41 -1 -1 7 1e+32
0.000000 0.006075 41 -1 -1 7 1e+32
0.002430 0.003645 213 20 19 11 -0.0569092
0.000000 0.000000 1034 -1 -1 11 1e+32
-0.001215 0.001215 4 22 21 12 -1.52826e+29
0.000000 0.003472 1477 -1 -1 12 1e+32
0.000000 0.003645 213 -1 -1 15 1e+32
0.000000 0.006075 213 -1 -1 15 1e+32
0.000000 0.001215 4 -1 -1 17 1e+32
0.000000 0.000000 4 -1 -1 17 1e+32
21
0.012814 0.003038 1029 2 1 -1 14.805
0.015798 0.000000 1475 4 3 0 0.447589
-0.013729 0.019214 1799 6 5 0 0.56602
0.000000 0.000000 1475 -1 -1 1 1e+32
0.000000 0.015798 1475 -1 -1 1 1e+32
-0.021222 0.021222 1672 8 7 2 1.2634
-0.019679 0.021064 876 10 9 2 16.7162
0.018489 0.004388 1749 12 11 5 -0.510106
0.000000 0.000000 1672 -1 -1 5 1e+32
0.000000 0.021064 876 -1 -1 6 1e+32
-0.005266 0.005266 4 14 13 6 -7.08002e+30
0.000000 0.004388 1749 -1 -1 7 1e+32
-0.011055 0.025233 145 16 15 7 2.95138
0.000000 0.005266 4 -1 -1 10 1e+32
0.000000 0.000000 4 -1 -1 10 1e+32
0.010532 0.015798 275 18 17 12 -4.71669e-32
-0.026330 0.026330 504 20 19 12 1.28346
0.000000 0.015798 275 -1 -1 15 1e+32
0.000000 0.026330 275 -1 -1 15 1e+32
0.000000 0.026330 504 -1 -1 16 1e+32
0.000000 0.000000 504 -1 -1 16 1e+32
21
0.002153 0.001638 1820 2 1 -1 1.37548
0.002293 0.001243 1554 4 3 0 2.47377
0.002901 0.001451 1072 6 5 0 1.3857
0.002380 0.000884 130 8 7 1 1.51745
-0.002611 0.004352 113 10 9 1 1.1814
0.000000 0.001451 1072 -1 -1 2 1e+32
0.000000 0.004352 1072 -1 -1 2 1e+32
0.002498 0.000611 1061 12 11 3 3.28753
-0.002611 0.004352 99 14 13 3 1.25508
0.000000 0.004352 113 -1 -1 4 1e+32
0.000000 0.001741 113 -1 -1 4 1e+32
-0.003147 0.003482 840 16 15 7 0.00821241
0.000000 0.003109 1061 -1 -1 7 1e+32
0.000000 0.004352 99 -1 -1 8 1e+32
0.000000 0.001741 99 -1 -1 8 1e+32
0.000000 0.003482 840 -1 -1 11 1e+32
-0.002519 0.002611 1944 18 17 11 0.843617
0.000000 0.002611 1944 -1 -1 16 1e+32
-0.000870 0.000870 42 20 19 16 -1.14125
0.000000 0.000870 42 -1 -1 18 1e+32
0.000000 0.000000 42 -1 -1 18 1e+32
23
0.008510 0.002146 1029 2 1 -1 14.7911
0.010728 0.000000 1458 4 3 0 0.216143
-0.010325 0.012428 1891 6 5 0 287.126
0.000000 0.000000 1458 -1 -1 1 1e+32
0.000000 0.010728 1458 -1 -1 1 1e+32
0.007515 0.009312 1750 8 7 2 0.29528
-0.007152 0.007152 36 10 9 2 1.53444e-10
-0.009685 0.014154 932 12 11 5 1.07832
-0.007152 0.017879 876 14 13 5 24.9163
0.000000 0.007152 36 -1 -1 6 1e+32
0.000000 0.000000 36 -1 -1 6 1e+32
0.013362 0.003576 1301 16 15 7 0.14075
-0.013906 0.014899 1377 18 17 7 0.111843
0.000000 0.017879 876 -1 -1 8 1e+32
0.000000 0.010728 876 -1 -1 8 1e+32
0.000000 0.003576 1301 -1 -1 11 1e+32
0.003576 0.014303 0 20 19 11 9.29187
0.000000 0.014899 1377 -1 -1 12 1e+32
-0.003576 0.003576 2 22 21 12 1.39125
0.000000 0.014303 0 -1 -1 16 1e+32
0.000000 0.017879 0 -1 -1 16 1e+32
0.000000 0.003576 2 -1 -1 18 1e+32
0.000000 0.000000 2 -1 -1 18 1e+32
21
0.004880 0.003197 1697 2 1 -1 1.51404
0.009360 0.002229 1731 4 3 0 0.116908
-0.008884 0.008884 1571 6 5 0 0.149593
0.006526 0.000848 1028 8 7 1 20.4756
0.000000 0.011588 1731 -1 -1 1 1e+32
0.005504 0.005215 290 10 9 2 -0.164054
0.000000 0.000000 1571 -1 -1 2 1e+32
0.004635 0.000000 211 12 11 3 2.37156
-0.009271 0.011588 871 14 13 3 10.5463
-0.009247 0.010301 1347 16 15 5 0.00854504
0.004966 0.006622 1484 18 17 5 -0.314496
0.000000 0.000000 211 -1 -1 7 1e+32
0.000000 0.004635 211 -1 -1 7 1e+32
0.000000 0.011588 871 -1 -1 8 1e+32
0.000000 0.002318 871 -1 -1 8 1e+32
0.000000 0.010301 1347 -1 -1 9 1e+32
-0.002318 0.002318 0 20 19 9 28.9546
0.000000 0.006622 1484 -1 -1 10 1e+32
0.000000 0.011588 1484 -1 -1 10 1e+32
0.000000 0.002318 0 -1 -1 16 1e+32
0.000000 0.000000 0 -1 -1 16 1e+32
17
0.004202 0.003321 1852 2 1 -1 2.51979
-0.007326 0.009963 1392 4 3 0 -6.1699
0.007970 0.001993 1307 6 5 0 0.178555
0.000000 0.009963 1392 -1 -1 1 1e+32
0.005871 0.001601 686 8 7 1 1.31721
0.005978 0.000000 696 10 9 2 7.60812
0.000000 0.009963 1307 -1 -1 2 1e+32
0.006209 0.000433 176 12 11 4 -0.00123103
-0.005978 0.009963 26 14 13 4 20.7791
0.000000 0.000000 696 -1 -1 5 1e+32
0.000000 0.005978 696 -1 -1 5 1e+32
-0.003985 0.003985 213 16 15 7 -13.1437
0.000000 0.006642 176 -1 -1 7 1e+32
0.000000 0.009963 26 -1 -1 8 1e+32
0.000000 0.003985 26 -1 -1 8 1e+32
0.000000 0.003985 213 -1 -1 11 1e+32
0.000000 0.000000 213 -1 -1 11 1e+32
21
0.004365 0.003817 131 2 1 -1 1.50015
-0.005758 0.008762 300 4 3 0 -41.2962
0.006328 0.003164 560 6 5 0 1.00009
0.001898 0.007594 0 8 7 1 -3.06055e+30
-0.004710 0.006700 851 10 9 1 153.412
0.000000 0.003164 560 -1 -1 2 1e+32
0.000000 0.009492 560 -1 -1 2 1e+32
0.000000 0.007594 0 -1 -1 3 1e+32
0.000000 0.009492 0 -1 -1 3 1e+32
0.006780 0.002712 1200 12 11 4 1.37721
-0.004924 0.006040 934 14 13 4 0.999787
0.000000 0.002712 1200 -1 -1 9 1e+32
0.000000 0.009492 1200 -1 -1 9 1e+32
0.007594 0.001898 302 16 15 10 -23.3902
-0.002123 0.002373 65 18 17 10 -8.69349
0.000000 0.001898 302 -1 -1 13 1e+32
0.000000 0.009492 302 -1 -1 13 1e+32
0.000000 0.002373 65 -1 -1 14 1e+32
-0.001898 0.001898 3 20 19 14 4.53911
0.000000 0.001898 3 -1 -1 18 1e+32
0.000000 0.000000 3 -1 -1 18 1e+32
19
0.001183 -0.001280 1657 2 1 -1 0.592081
-0.000873 -0.000749 1487 4 3 0 -0.154369
0.000428 -0.000428 3 6 5 0 18.2417
0.001405 -0.001873 893 8 7 1 0.196122
0.001387 -0.001958 1379 10 9 1 0.362975
0.000000 -0.000428 3 -1 -1 2 1e+32
0.000000 -0.000000 3 -1 -1 2 1e+32
0.000000 -0.001873 893 -1 -1 3 1e+32
0.001982 -0.002140 851 12 11 3 39.234
-0.000856 -0.001284 61 14 13 4 -0.883219
-0.001712 -0.000000 1518 16 15 4 0.312144
0.000000 -0.002140 851 -1 -1 8 1e+32
-0.000856 -0.000000 115 18 17 8 0.8193
0.000000 -0.001284 61 -1 -1 9 1e+32
0.000000 -0.002140 61 -1 -1 9 1e+32
0.000000 -0.000000 1518 -1 -1 10 1e+32
0.000000 -0.001712 1518 -1 -1 10 1e+32
0.000000 -0.000000 115 -1 -1 12 1e+32
0.000000 -0.000856 115 -1 -1 12 1e+32
21
-0.000135 0.000196 1799 2 1 -1 0.559674
0.000223 0.000000 280 4 3 0 -61.8056
-0.000190 0.000218 1348 6 5 0 -0.517338
0.000000 0.000000 280 -1 -1 1 1e+32
-0.000130 0.000272 1442 8 7 1 0.157022
0.000000 0.000218 1348 -1 -1 2 1e+32
0.000183 0.000000 192 10 9 2 13.5528
0.000196 0.000102 1099 12 11 4 0.464788
0.000221 0.000023 1591 14 13 4 0.0922628
0.000000 0.000000 192 -1 -1 6 1e+32
0.000000 0.000183 192 -1 -1 6 1e+32
0.000000 0.000102 1099 -1 -1 7 1e+32
0.000061 0.000244 41 16 15 7 -1.44065
-0.000061 0.000061 2 18 17 8 -0.0205633
-0.000183 0.000305 1339 20 19 8 0.0942276
0.000000 0.000244 41 -1 -1 12 1e+32
0.000000 0.000305 41 -1 -1 12 1e+32
0.000000 0.000061 2 -1 -1 13 1e+32
0.000000 0.000000 2 -1 -1 13 1e+32
0.000000 0.000305 1339 -1 -1 14 1e+32
0.000000 0.000122 1339 -1 -1 14 1e+32
23
0.000058 0.000011 1433 2 1 -1 -2.23628
-0.000046 0.000046 116 4 3 0 -0.129953
-0.000053 0.000111 983 6 5 0 -18.9154
0.000000 0.000046 116 -1 -1 1 1e+32
0.000000 0.000000 116 -1 -1 1 1e+32
0.000023 0.000093 24 8 7 2 -67.7395
-0.000048 0.000085 1010 10 9 2 0.999919
0.000000 0.000093 24 -1 -1 5 1e+32
0.000000 0.000116 24 -1 -1 5 1e+32
0.000065 0.000051 1756 12 11 6 -0.434604
-0.000088 0.000116 296 14 13 6 -1999.84
-0.000116 0.000116 1509 16 15 9 0.139113
0.000000 0.000116 1756 -1 -1 9 1e+32
0.000000 0.000116 296 -1 -1 10 1e+32
-0.000100 0.000116 563 18 17 10 -0.169691
0.000000 0.000116 1509 -1 -1 11 1e+32
0.000000 0.000000 1509 -1 -1 11 1e+32
0.000000 0.000116 563 -1 -1 14 1e+32
0.000074 0.000004 1566 20 19 14 0.650361
-0.000023 0.000023 16 22 21 18 -61.9513
0.000000 0.000077 1566 -1 -1 18 1e+32
0.000000 0.000023 16 -1 -1 19 1e+32
0.000000 0.000000 16 -1 -1 19 1e+32
21
-0.006479 0.010428 942 2 1 -1 -0.988677
-0.011768 0.011768 1657 4 3 0 0.597549
-0.010768 0.012563 849 6 5 0 42.6878
0.006779 0.007798 1992 8 7 1 2.80082
0.000000 0.000000 1657 -1 -1 1 1e+32
0.000000 0.012563 849 -1 -1 2 1e+32
-0.003231 0.003231 65 10 9 2 -9.94966
0.009461 0.003231 1413 12 11 3 0.0612387
-0.009243 0.015704 933 14 13 3 2.275
0.000000 0.003231 65 -1 -1 6 1e+32
0.000000 0.000000 65 -1 -1 6 1e+32
0.009692 0.000000 1342 16 15 7 0.583801
-0.009692 0.016153 1441 18 17 7 -0.0990493
0.003231 0.012922 90 20 19 8 -48.6537
0.000000 0.006461 933 -1 -1 8 1e+32
0.000000 0.000000 1342 -1 -1 11 1e+32
0.000000 0.009692 1342 -1 -1 11 1e+32
0.000000 0.016153 1441 -1 -1 12 1e+32
0.000000 0.006461 1441 -1 -1 12 1e+32
0.000000 0.012922 90 -1 -1 13 1e+32
0.000000 0.016153 90 -1 -1 13 1e+32
21
0.007225 0.006759 1630 2 1 -1 2.14464
-0.006960 0.010715 1690 4 3 0 1.33648
0.012069 0.004828 1456 6 5 0 -0.392558
0.011323 0.001877 1029 8 7 1 15.9793
0.007928 0.000966 720 10 9 1 -15.9357
0.000000 0.004828 1456 -1 -1 2 1e+32
0.000000 0.016897 1456 -1 -1 2 1e+32
0.000000 0.001877 1029 -1 -1 3 1e+32
-0.012781 0.015597 970 12 11 3 2.51024
-0.002816 0.002816 64 14 13 4 -22.4228
0.013825 0.003072 1692 16 15 4 1.9378
0.006759 0.010138 86 18 17 8 2.9918e-30
0.000000 0.002816 970 -1 -1 8 1e+32
0.000000 0.002816 64 -1 -1 9 1e+32
0.000000 0.000000 64 -1 -1 9 1e+32
0.006759 0.000000 2 20 19 10 15.1999
0.000000 0.016897 1692 -1 -1 10 1e+32
0.000000 0.010138 86 -1 -1 11 1e+32
0.000000 0.016897 86 -1 -1 11 1e+32
0.000000 0.000000 2 -1 -1 15 1e+32
0.000000 0.006759 2 -1 -1 15 1e+32
21
0.001284 0.000939 1384 2 1 -1 0.0492167
0.001512 0.000344 1694 4 3 0 1.69376
-0.001689 0.002598 265 6 5 0 0.659732
-0.001273 0.001273 12 8 7 1 -4.09077
-0.002122 0.003183 1003 10 9 1 0.538831
0.002184 0.000637 1353 12 11 2 0.176971
0.002546 0.000000 807 14 13 2 0.998912
0.000000 0.001273 12 -1 -1 3 1e+32
0.000000 0.000000 12 -1 -1 3 1e+32
0.000000 0.003183 1003 -1 -1 4 1e+32
-0.002273 0.002273 3 16 15 4 54.4963
0.000000 0.000637 1353 -1 -1 5 1e+32
-0.001746 0.003019 775 18 17 5 15.9836
0.000000 0.000000 807 -1 -1 6 1e+32
0.000000 0.002546 807 -1 -1 6 1e+32
0.000000 0.002273 3 -1 -1 10 1e+32
0.000000 0.000000 3 -1 -1 10 1e+32
-0.001273 0.003183 839 20 19 12 2.08167
0.000000 0.001273 775 -1 -1 12 1e+32
0.000000 0.003183 839 -1 -1 17 1e+32
0.000000 0.001910 839 -1 -1 17 1e+32
